(0,0,0)	148
(1,1,4)	2
(1,1,14)	1
(1,1,15)	1
(1,1,23)	1
(1,2,19)	1
(1,2,27)	1
(1,3,6)	1
(1,4,4)	1
(1,4,11)	1
(1,4,18)	1
(1,4,25)	1
(1,4,27)	1
(1,4,30)	2
(1,4,32)	1
(1,5,8)	2
(1,5,11)	2
(1,5,13)	1
(1,5,14)	1
(1,5,15)	1
(1,5,18)	1
(1,5,28)	1
(1,5,40)	2
(1,6,4)	1
(1,6,7)	1
(1,6,18)	1
(1,6,22)	2
(1,6,28)	1
(1,6,32)	1
(1,7,12)	1
(1,7,19)	1
(1,7,42)	2
(1,8,6)	1
(1,8,9)	1
(1,8,21)	1
(1,9,16)	1
(1,9,27)	1
(1,9,36)	1
(1,9,37)	1
(1,9,39)	1
(1,9,41)	1
(1,10,2)	1
(1,10,22)	1
(1,10,27)	1
(1,10,29)	1
(1,11,37)	1
(1,12,14)	1
(1,12,15)	1
(1,12,16)	1
(1,12,31)	1
(1,13,7)	1
(1,13,24)	2
(1,13,31)	1
(1,13,42)	1
(1,14,29)	1
(1,14,43)	1
(1,15,1)	1
(1,15,3)	1
(1,15,18)	1
(1,15,28)	1
(1,15,31)	2
(1,16,1)	1
(1,16,19)	1
(1,16,34)	1
(1,17,3)	2
(1,17,16)	1
(1,17,26)	1
(1,18,12)	1
(1,18,34)	1
(1,18,37)	1
(1,19,4)	1
(1,19,17)	1
(1,19,28)	1
(2,1,25)	1
(2,1,39)	1
(2,2,10)	2
(2,2,16)	1
(2,2,17)	1
(2,2,22)	1
(2,3,19)	1
(2,3,23)	1
(2,4,7)	1
(2,5,20)	1
(2,5,27)	1
(2,5,32)	1
(2,5,34)	1
(2,5,35)	2
(2,6,25)	1
(2,6,35)	1
(2,7,15)	2
(2,7,21)	1
(2,7,22)	2
(2,7,25)	2
(2,7,29)	1
(2,7,31)	1
(2,7,35)	1
(2,7,36)	1
(2,7,47)	1
(2,8,1)	1
(2,8,5)	1
(2,8,7)	1
(2,9,11)	1
(2,9,25)	1
(2,9,26)	1
(2,9,34)	2
(2,9,43)	1
(2,10,29)	1
(2,10,40)	1
(3,1,23)	1
(3,1,26)	2
(3,1,33)	1
(3,1,37)	2
(3,1,45)	1
(3,2,5)	1
(3,2,9)	1
(3,3,2)	1
(3,3,19)	1
(3,3,21)	2
(3,4,6)	1
(3,4,7)	1
(3,5,15)	1
(3,5,41)	1
(3,5,44)	1
(3,5,47)	1
(3,6,37)	1
(3,7,36)	1
(3,8,5)	2
(3,8,10)	1
(3,8,12)	1
(3,8,20)	1
(3,8,31)	2
(3,8,32)	1
(3,9,3)	3
(3,9,7)	1
(3,9,10)	2
(3,9,26)	1
(3,9,37)	1
(3,9,43)	1
(3,9,44)	1
(3,10,11)	1
(3,10,18)	2
(3,10,19)	1
(3,11,2)	1
(3,11,3)	1
(3,11,5)	1
(3,11,15)	1
(3,11,18)	1
(3,11,31)	1
(3,11,32)	1
(3,11,38)	1
(3,12,12)	1
(3,12,13)	2
(3,12,16)	1
(3,12,31)	1
(3,12,49)	1
(3,13,13)	1
(3,13,28)	1
(3,13,29)	1
(3,13,30)	2
(3,13,34)	1
(3,13,42)	1
(3,13,44)	1
(3,14,34)	1
(3,14,37)	1
(3,15,14)	1
(3,15,19)	1
(3,15,23)	1
(3,15,25)	1
(3,15,27)	1
(3,15,29)	1
(3,15,30)	1
(3,15,31)	1
(3,15,35)	1
(3,15,45)	1
(3,16,2)	1
(3,16,9)	1
(3,16,10)	1
(3,16,12)	1
(3,16,14)	1
(3,16,15)	1
(3,17,8)	1
(3,17,15)	1
(3,17,19)	1
(3,17,22)	1
(3,17,25)	1
(3,17,26)	1
(3,17,31)	1
(3,18,26)	1
(3,19,4)	1
(3,19,21)	1
(3,19,29)	1
(3,19,31)	1
(3,20,12)	1
(3,20,17)	1
(3,20,22)	1
(3,20,23)	1
(3,20,25)	1
(3,20,34)	1
(3,20,36)	1
(3,20,47)	1
(3,20,53)	1
(3,21,10)	1
(3,21,18)	2
(3,21,20)	1
(3,22,31)	1
(3,22,33)	1
(3,22,34)	1
(3,23,8)	1
(3,23,11)	1
(3,23,14)	1
(3,23,18)	1
(3,23,31)	1
(3,23,38)	1
(3,23,44)	1
(3,24,1)	1
(3,26,5)	1
(3,26,25)	1
(3,26,45)	1
(3,27,11)	1
(3,28,12)	3
(3,28,26)	1
(3,28,27)	1
(3,28,31)	1
(3,28,38)	1
(3,29,12)	1
(3,29,28)	1
(3,29,32)	1
(3,30,13)	1
(3,30,14)	1
(3,30,17)	1
(3,30,20)	1
(3,30,32)	1
(3,31,2)	2
(3,31,8)	1
(3,31,12)	1
(3,31,14)	1
(3,31,18)	1
(3,31,19)	1
(3,31,20)	1
(3,31,25)	1
(3,31,37)	1
(3,32,20)	1
(3,32,35)	2
(3,32,36)	1
(3,33,5)	1
(4,1,27)	1
(4,1,30)	1
(4,1,48)	1
(4,1,49)	1
(4,1,50)	2
(4,1,51)	1
(4,1,59)	1
(4,2,10)	1
(4,2,28)	1
(4,3,6)	1
(4,3,21)	1
(4,4,4)	3
(4,4,8)	1
(4,4,14)	1
(4,4,15)	1
(4,4,17)	1
(4,4,24)	1
(4,4,29)	1
(4,4,30)	1
(4,5,10)	1
(4,5,11)	1
(4,5,22)	1
(4,6,11)	1
(4,6,12)	1
(4,6,44)	1
(4,6,47)	1
(4,7,29)	1
(4,7,31)	1
(4,7,56)	1
(4,8,3)	1
(4,8,24)	2
(4,8,31)	1
(4,9,4)	1
(4,9,5)	1
(4,9,18)	1
(4,9,20)	1
(4,9,27)	1
(4,9,36)	1
(4,9,43)	1
(4,9,60)	1
(4,9,64)	1
(4,9,66)	1
(4,10,22)	1
(4,10,28)	1
(4,10,29)	1
(4,11,10)	1
(4,12,17)	1
(4,12,21)	1
(4,12,26)	1
(4,12,42)	1
(4,13,8)	1
(4,13,12)	1
(4,13,16)	2
(4,13,23)	1
(4,13,47)	1
(4,14,34)	1
(4,15,17)	2
(4,16,7)	1
(4,16,14)	1
(4,17,3)	1
(4,17,11)	1
(4,17,22)	1
(4,18,25)	1
(4,19,3)	1
(4,19,7)	1
(4,19,16)	1
(4,19,34)	1
(4,20,27)	1
(4,21,22)	2
(4,21,29)	1
(4,21,33)	1
(4,21,39)	1
(4,22,23)	1
(4,22,26)	1
(4,22,37)	1
(4,22,38)	1
(4,22,39)	1
(4,22,60)	1
(4,23,4)	1
(4,23,11)	1
(4,23,24)	1
(4,23,34)	1
(4,24,7)	1
(4,24,40)	1
(4,25,18)	1
(4,25,24)	1
(4,25,38)	2
(4,25,47)	1
(4,25,50)	1
(4,25,51)	1
(4,26,1)	1
(4,26,2)	4
(4,26,6)	1
(4,26,13)	1
(4,26,25)	1
(4,27,11)	1
(4,27,16)	1
(4,28,1)	1
(4,28,10)	1
(4,28,37)	1
(4,29,5)	1
(4,29,13)	1
(4,29,18)	1
(4,29,19)	1
(4,29,40)	1
(4,29,45)	1
(4,29,47)	4
(4,29,49)	1
(4,29,54)	1
(4,29,72)	1
(4,30,38)	1
(4,31,22)	1
(5,1,8)	1
(5,1,21)	2
(5,1,25)	2
(5,1,27)	1
(5,2,10)	1
(5,2,16)	1
(5,2,20)	1
(5,3,3)	1
(5,3,9)	1
(5,3,11)	1
(5,3,14)	1
(5,3,17)	1
(5,4,1)	1
(5,4,11)	1
(5,4,12)	1
(5,4,13)	1
(5,5,1)	1
(5,5,3)	1
(5,5,22)	1
(5,5,28)	1
(5,5,31)	2
(5,5,32)	2
(5,5,34)	2
(5,6,2)	1
(5,6,6)	2
(5,6,8)	1
(5,7,9)	1
(5,7,11)	1
(5,7,13)	2
(5,8,18)	1
(5,8,26)	1
(5,9,5)	1
(5,9,6)	1
(5,9,12)	1
(5,9,13)	1
(5,9,18)	1
(5,9,19)	3
(5,9,21)	1
(5,10,10)	2
(5,10,14)	1
(5,10,15)	1
(5,12,15)	1
(5,13,6)	1
(5,13,10)	1
(5,13,20)	1
(5,14,1)	1
(5,14,2)	1
(5,14,5)	1
(5,14,9)	1
(5,14,11)	1
(5,14,12)	1
(5,14,14)	1
(5,14,19)	1
(5,14,21)	1
(5,14,25)	1
(5,16,6)	1
(5,16,16)	2
(5,16,20)	1
(5,16,28)	2
(5,17,1)	1
(5,17,8)	1
(5,17,9)	2
(5,17,12)	1
(5,17,24)	1
(5,18,4)	1
(5,18,5)	1
(5,18,15)	1
(5,18,30)	1
(5,18,31)	1
(5,18,33)	1
(5,19,25)	1
(5,19,30)	1
(5,20,2)	2
(5,20,3)	3
(5,20,4)	1
(5,20,9)	2
(5,20,11)	1
(5,20,15)	1
(5,20,16)	4
(5,20,21)	3
(5,20,22)	2
(5,20,25)	1
(5,20,26)	2
(5,20,27)	2
(5,20,30)	1
(5,20,45)	1
(5,21,9)	1
(5,21,15)	2
(5,22,1)	1
(5,22,5)	1
(5,22,8)	2
(5,22,14)	1
(5,23,1)	1
(5,23,3)	1
(5,23,8)	1
(5,24,13)	1
(5,24,16)	1
(5,24,19)	1
(5,24,26)	1
(5,24,29)	1
(5,24,30)	2
(5,24,31)	2
(5,25,3)	1
(5,25,10)	1
(5,26,6)	1
(5,26,7)	2
(5,26,8)	1
(5,26,9)	2
(5,26,13)	1
(5,26,15)	1
(5,26,18)	1
(5,26,19)	1
(5,26,22)	1
(5,26,24)	3
(5,26,27)	1
(5,26,28)	1
(5,26,30)	1
(5,26,36)	1
(5,26,38)	1
(6,1,8)	1
(6,1,59)	1
(6,1,66)	1
(6,2,1)	1
(6,2,10)	1
(6,2,11)	1
(6,2,38)	1
(6,3,4)	1
(6,3,15)	1
(6,3,30)	1
(6,4,13)	1
(6,4,20)	1
(6,4,27)	1
(6,4,49)	1
(6,5,8)	2
(6,5,12)	1
(6,5,21)	1
(6,5,27)	1
(6,5,28)	1
(6,5,37)	1
(6,5,39)	1
(6,5,41)	1
(6,6,14)	1
(6,6,17)	1
(6,6,20)	1
(6,6,23)	1
(6,6,41)	1
(6,7,15)	1
(6,7,23)	1
(6,8,6)	1
(6,9,18)	1
(6,9,21)	1
(6,9,41)	1
(6,9,44)	1
(6,10,1)	1
(6,10,10)	1
(6,10,28)	1
(6,10,29)	2
(6,10,33)	1
(6,11,6)	1
(6,13,4)	1
(6,13,17)	1
(6,14,43)	1
(6,16,24)	1
(6,16,25)	1
(6,16,32)	1
(6,16,41)	1
(6,16,44)	1
(6,17,8)	1
(6,17,10)	1
(6,17,36)	1
(6,18,16)	1
(6,18,49)	1
(6,18,75)	1
(6,19,25)	2
(7,1,6)	1
(7,2,7)	1
(7,2,30)	1
(7,3,15)	1
(7,3,32)	1
(7,4,17)	1
(7,4,22)	1
(7,4,23)	1
(7,5,24)	1
(7,5,30)	3
(7,5,46)	1
(7,5,56)	1
(7,6,10)	1
(7,7,1)	1
(7,7,23)	1
(7,8,18)	1
(7,8,27)	2
(7,8,29)	1
(7,8,51)	1
(7,9,23)	1
(7,9,32)	2
(7,10,6)	1
(7,10,9)	1
(7,10,19)	1
(7,10,39)	1
(7,11,15)	1
(7,11,34)	2
(7,12,23)	1
(7,13,23)	1
(7,13,39)	1
(7,14,4)	1
(7,14,11)	1
(7,14,13)	1
(7,15,35)	1
(7,15,51)	1
(7,15,61)	1
(7,15,66)	1
(7,15,70)	1
(8,1,10)	1
(8,1,29)	1
(8,2,19)	1
(8,2,30)	1
(8,3,2)	1
(8,3,4)	1
(8,3,7)	1
(8,3,12)	2
(8,3,28)	1
(8,5,29)	2
(8,5,32)	1
(8,6,28)	1
(8,7,7)	1
(8,7,8)	1
(8,7,11)	1
(8,7,43)	1
(8,9,13)	1
(8,10,13)	1
(8,11,9)	1
(8,11,25)	1
(8,12,18)	1
(8,12,22)	1
(8,13,29)	1
(8,13,34)	3
(8,13,36)	1
(8,15,8)	1
(8,16,40)	1
(8,17,8)	1
(8,18,2)	1
(8,18,25)	1
(8,19,4)	1
(8,19,40)	1
(8,20,14)	2
(8,20,17)	1
(8,21,25)	1
(8,22,1)	1
(8,22,9)	1
(8,22,23)	1
(8,24,26)	1
(8,24,37)	1
(8,24,55)	1
(9,3,27)	1
(9,4,25)	1
(9,4,40)	1
(9,4,52)	1
(9,6,12)	1
(9,7,1)	1
(9,8,5)	1
(9,8,6)	2
(9,8,23)	2
(9,9,14)	1
(9,9,24)	1
(9,9,41)	1
(9,9,43)	1
(9,10,1)	1
(9,10,8)	1
(9,10,37)	1
(9,10,43)	1
(9,11,17)	1
(9,15,30)	1
(9,16,37)	1
(9,18,30)	1
(9,18,41)	1
(9,18,51)	2
(9,20,4)	1
(9,22,38)	2
(9,22,39)	1
(9,24,15)	1
(9,24,44)	1
(9,24,49)	1
(9,24,58)	1
(9,24,64)	2
(10,2,27)	1
(10,3,1)	1
(10,4,22)	1
(10,8,35)	1
(10,9,6)	1
(10,11,23)	1
(10,12,13)	1
(10,13,15)	1
(10,13,28)	1
(10,13,38)	1
(10,14,1)	1
(10,14,2)	1
(10,14,24)	1
(10,16,21)	1
(10,16,25)	1
(10,17,6)	1
(10,18,5)	1
(10,20,26)	1
(10,29,46)	1
(10,33,10)	1
(10,33,16)	1
(10,35,10)	1
(10,36,3)	1
(10,38,11)	1
(10,38,43)	1
(10,41,15)	1
(10,42,26)	1
(10,42,29)	1
(10,48,15)	1
(10,50,1)	1
(10,51,59)	1
(10,52,41)	1
(10,57,21)	1
(10,58,50)	1
(10,58,53)	1
(10,59,7)	1
(10,60,53)	1
(10,69,2)	1
(10,70,29)	1
(10,77,35)	1
(10,78,23)	1
(10,79,12)	1
(10,80,20)	1
(10,80,45)	1
(10,81,5)	1
(10,81,37)	1
(10,81,38)	1
(10,82,47)	1
(10,83,11)	1
(10,83,12)	2
(10,83,22)	1
(10,84,63)	1
(10,85,14)	1
(10,85,22)	1
(10,85,51)	1
(10,87,10)	1
(10,87,15)	1
(10,87,20)	1
(10,87,22)	2
(10,88,16)	1
(10,88,29)	1
(10,88,35)	1
(10,89,21)	1
(10,89,45)	1
(10,90,11)	1
(11,1,14)	1
(11,3,25)	1
(11,5,50)	1
(11,7,26)	1
(11,8,31)	1
(11,9,30)	1
(11,11,7)	1
(11,11,37)	1
(11,18,11)	1
(11,19,1)	1
(11,20,28)	1
(11,26,3)	1
(11,26,4)	1
(11,26,8)	1
(11,26,33)	1
(11,29,12)	1
(11,29,34)	1
(12,1,9)	1
(12,1,20)	1
(12,2,6)	1
(12,3,9)	1
(12,3,28)	1
(12,3,42)	1
(12,6,9)	1
(12,6,58)	1
(12,6,59)	1
(12,6,65)	1
(12,6,74)	1
(12,8,21)	1
(12,10,33)	1
(12,12,51)	1
