vol.	page	parva	adhy.	from v.	to v.	ipage	
6	12	13	1	1	11	1a	
6	13	13	1	12	26	1b	
6	14	13	1	27	39	2a	
6	15	13	1	40	50	2b	
6	16	13	1	51	67	3a	
6	17	13	1	68	83	3b	
6	18	13	2	1	23	4a	
6	19	13	2	24	45	4b	
6	20	13	2	46	67	5a	
6	21	13	2	68	90	5b	
6	22	13	2	91	96	6a	
6	22	13	3	1	11	6a	
6	23	13	3	12	19	6b	
6	23	13	4	1	9	6b	
6	24	13	4	10	33	7a	
6	25	13	4	34	58	7b	
6	26	13	4	59	62	8a	
6	26	13	5	1	12	8a	
6	27	13	5	13	32	8b	
6	28	13	6	1	21	9a	
6	29	13	6	22	36	9b	
6	30	13	6	37	48	10a	
6	31	13	6	49	49	10b	
6	31	13	7	1	12	10b	
6	32	13	7	13	28	11a	
6	33	13	7	29	29	11b	
6	33	13	8	1	16	11b	
6	34	13	8	17	29	12a	
6	34	13	9	1	4	12a	
6	35	13	9	5	26	12b	
6	36	13	9	27	28	13a	
6	36	13	10	1	17	13a	
6	37	13	10	18	40	13b	
6	38	13	10	41	63	14a	
6	39	13	10	64	75	14b	
6	39	13	11	1	6	14b	
6	40	13	11	7	21	15a	
6	40	13	12	1	1	15a	
6	41	13	12	2	24	15b	
6	42	13	12	25	48	16a	
6	43	13	12	49	54	16b	
6	43	13	13	1	6	16b	
6	44	13	14	1	10	17a	
6	45	13	14	11	20	17b	
6	46	13	14	21	33	18a	
6	47	13	14	34	54	18b	
6	48	13	14	55	74	19a	
6	49	13	14	75	94	19b	
6	50	13	14	95	117	20a	
6	51	13	14	118	138	20b	
6	52	13	14	139	161	21a	
6	53	13	14	162	178	21b	
6	54	13	14	179	192	22a	
6	55	13	14	193	196	22b	
6	56	13	14	197	208	23a	
6	57	13	14	209	222	23b	
6	58	13	14	223	230	24a	
6	59	13	14	231	251	24b	
6	60	13	14	252	275	25a	
6	61	13	14	276	301	25b	
6	62	13	14	302	323	26a	
6	63	13	14	324	346	26b	
6	64	13	14	347	371	27a	
6	65	13	14	372	391	27b	
6	66	13	14	392	410	28a	
6	67	13	14	411	422	28b	
6	68	13	14	423	429	29a	
6	68	13	15	1	7	29a	
6	69	13	15	8	15	29b	
6	69	13	16	1	13	29b	
6	70	13	16	14	24	30a	
6	71	13	16	25	40	30b	
6	72	13	16	41	59	31a	
6	73	13	16	60	76	31b	
6	74	13	17	1	22	32a	
6	75	13	17	23	30	32b	
6	76	13	17	31	32	33a	
6	77	13	17	33	36	33b	
6	78	13	17	37	40	34a	
6	79	13	17	41	44	34b	
6	80	13	17	45	47	35a	
6	81	13	17	48	53	35b	
6	82	13	17	54	55	36a	
6	83	13	17	56	60	36b	
6	84	13	17	61	66	37a	
6	85	13	17	67	70	37b	
6	86	13	17	71	74	38a	
6	87	13	17	75	78	38b	
6	88	13	17	79	84	39a	
6	89	13	17	85	91	39b	
6	90	13	17	92	95	40a	
6	91	13	17	96	101	40b	
6	92	13	17	102	104	41a	
6	93	13	17	105	108	41b	
6	94	13	17	109	116	42a	
6	95	13	17	117	122	42b	
6	96	13	17	123	128	43a	
6	97	13	17	129	133	43b	
6	98	13	17	134	138	44a	
6	99	13	17	139	142	44b	
6	100	13	17	143	149	45a	
6	101	13	17	150	153	45b	
6	102	13	17	154	171	46a	
6	103	13	17	172	182	46b	
6	103	13	18	1	10	46b	
6	104	13	18	11	31	47a	
6	105	13	18	32	52	47b	
6	106	13	18	53	72	48a	
6	107	13	18	73	83	48b	
6	108	13	19	1	10	49a	
6	109	13	19	11	32	49b	
6	110	13	19	33	54	50a	
6	111	13	19	55	77	50b	
6	112	13	19	78	98	51a	
6	113	13	19	99	103	51b	
6	113	13	20	1	13	51b	
6	114	13	20	14	26	52a	
6	114	13	21	1	1	52a	
6	115	13	21	2	19	52b	
6	116	13	22	1	10	53a	
6	117	13	22	11	21	53b	
6	118	13	22	22	38	54a	
6	119	13	22	39	41	54b	
6	119	13	23	1	14	54b	
6	120	13	23	15	29	55a	
6	121	13	23	30	44	55b	
6	122	13	23	45	60	56a	
6	123	13	23	61	79	56b	
6	124	13	23	80	102	57a	
6	125	13	23	103	103	57b	
6	125	13	24	1	12	57b	
6	125	13	25	1	5	57b	
6	126	13	25	6	29	58a	
6	127	13	25	30	52	58b	
6	128	13	25	53	71	59a	
6	129	13	26	1	20	59b	
6	130	13	26	21	41	60a	
6	131	13	26	42	63	60b	
6	132	13	26	64	81	61a	
6	133	13	26	82	91	61b	
6	134	13	26	92	105	62a	
6	135	13	26	106	106	62b	
6	135	13	27	1	15	62b	
6	136	13	27	16	30	63a	
6	136	13	28	1	3	63a	
6	137	13	28	4	16	63b	
6	137	13	29	1	7	63b	
6	138	13	29	8	25	64a	
6	139	13	29	26	26	64b	
6	139	13	30	1	19	64b	
6	140	13	30	20	42	65a	
6	141	13	30	43	65	65b	
6	142	13	30	66	67	66a	
6	142	13	31	1	16	66a	
6	143	13	31	17	35	66b	
6	144	13	31	36	36	67a	
6	144	13	32	1	17	67a	
6	145	13	32	18	38	67b	
6	146	13	32	39	39	68a	
6	146	13	33	1	15	68a	
6	147	13	33	16	27	68b	
6	147	13	34	1	9	68b	
6	148	13	34	10	26	69a	
6	149	13	34	27	31	69b	
6	149	13	35	1	11	69b	
6	150	13	35	12	23	70a	
6	150	13	36	1	8	70a	
6	151	13	36	9	19	70b	
6	151	13	37	1	5	70b	
6	152	13	37	6	18	71a	
6	153	13	38	1	21	71b	
6	154	13	38	22	30	72a	
6	154	13	39	1	8	72a	
6	155	13	39	9	14	72b	
6	155	13	40	1	12	72b	
6	156	13	40	13	37	73a	
6	157	13	40	38	60	73b	
6	158	13	41	1	25	74a	
6	159	13	41	26	36	74b	
6	159	13	42	1	9	74b	
6	160	13	42	10	28	75a	
6	161	13	42	29	33	75b	
6	161	13	43	1	13	75b	
6	162	13	43	14	27	76a	
6	162	13	44	1	3	76a	
6	163	13	44	4	15	76b	
6	164	13	44	16	23	77a	
6	165	13	44	24	36	77b	
6	166	13	44	37	51	78a	
6	167	13	44	52	56	78b	
6	167	13	45	1	4	78b	
6	168	13	45	5	16	79a	
6	169	13	45	17	23	79b	
6	169	13	46	1	13	79b	
6	170	13	46	14	15	80a	
6	170	13	47	1	14	80a	
6	171	13	47	15	29	80b	
6	172	13	47	30	47	81a	
6	173	13	47	48	61	81b	
6	173	13	48	1	3	81b	
6	174	13	48	4	13	82a	
6	175	13	48	14	28	82b	
6	176	13	48	29	40	83a	
6	177	13	48	41	50	83b	
6	177	13	49	1	1	83b	
6	178	13	49	2	15	84a	
6	179	13	49	16	28	84b	
6	179	13	50	1	1	84b	
6	180	13	50	2	25	85a	
6	181	13	50	26	27	85b	
6	181	13	51	1	17	85b	
6	182	13	51	18	41	86a	
6	183	13	51	42	48	86b	
6	183	13	52	1	13	86b	
6	184	13	52	14	38	87a	
6	185	13	52	39	39	87b	
6	185	13	53	1	19	87b	
6	186	13	53	20	43	88a	
6	187	13	53	44	67	88b	
6	188	13	53	68	69	89a	
6	188	13	54	1	18	89a	
6	189	13	54	19	40	89b	
6	190	13	55	1	24	90a	
6	191	13	55	25	37	90b	
6	191	13	56	1	8	90b	
6	192	13	56	9	21	91a	
6	192	13	57	1	7	91a	
6	193	13	57	8	28	91b	
6	194	13	57	29	44	92a	
6	194	13	58	1	1	92a	
6	195	13	58	2	23	92b	
6	196	13	58	24	33	93a	
6	196	13	59	1	10	93a	
6	197	13	59	11	28	93b	
6	198	13	59	29	41	94a	
6	198	13	60	1	7	94a	
6	199	13	60	8	20	94b	
6	199	13	61	1	6	94b	
6	200	13	61	7	25	95a	
6	201	13	61	26	38	95b	
6	201	13	62	1	9	95b	
6	202	13	62	10	29	96a	
6	203	13	62	30	51	96b	
6	204	13	62	52	76	97a	
6	205	13	62	77	96	97b	
6	205	13	63	1	2	97b	
6	206	13	63	3	27	98a	
6	207	13	63	28	51	98b	
6	208	13	63	52	52	99a	
6	208	13	64	1	20	99a	
6	209	13	64	21	36	99b	
6	209	13	65	1	2	99b	
6	210	13	65	3	19	100a	
6	210	13	66	1	5	100a	
6	211	13	66	6	28	100b	
6	212	13	66	29	52	101a	
6	213	13	66	53	65	101b	
6	213	13	67	1	10	101b	
6	214	13	67	11	19	102a	
6	214	13	68	1	12	102a	
6	215	13	68	13	33	102b	
6	216	13	68	34	34	103a	
6	216	13	69	1	18	103a	
6	217	13	69	19	22	103b	
6	217	13	70	1	16	103b	
6	218	13	70	17	33	104a	
6	218	13	71	1	4	104a	
6	219	13	71	5	25	104b	
6	220	13	71	26	43	105a	
6	221	13	71	44	57	105b	
6	222	13	72	1	12	106a	
6	222	13	73	1	8	106a	
6	223	13	73	9	29	106b	
6	224	13	73	30	49	107a	
6	225	13	73	50	51	107b	
6	225	13	74	1	16	107b	
6	225	13	75	1	2	107b	
6	226	13	75	3	25	108a	
6	227	13	75	26	41	108b	
6	227	13	76	1	4	108b	
6	228	13	76	5	15	109a	
6	229	13	76	16	30	109b	
6	230	13	76	31	31	110a	
6	230	13	77	1	18	110a	
6	231	13	77	19	35	110b	
6	231	13	78	1	3	110b	
6	232	13	78	4	25	111a	
6	233	13	79	1	24	111b	
6	234	13	79	25	27	112a	
6	234	13	80	1	16	112a	
6	235	13	80	17	17	112b	
6	235	13	81	1	20	112b	
6	236	13	81	21	44	113a	
6	237	13	81	45	47	113b	
6	237	13	82	1	18	113b	
6	238	13	82	19	27	114a	
6	238	13	83	1	13	114a	
6	239	13	83	14	36	114b	
6	240	13	83	37	52	115a	
6	240	13	84	1	3	115a	
6	241	13	84	4	29	115b	
6	242	13	84	30	53	116a	
6	243	13	84	54	79	116b	
6	244	13	84	80	82	117a	
6	244	13	85	1	17	117a	
6	245	13	85	18	40	117b	
6	246	13	85	41	64	118a	
6	247	13	85	65	87	118b	
6	248	13	85	88	106	119a	
6	249	13	85	107	128	119b	
6	250	13	85	129	149	120a	
6	251	13	85	150	167	120b	
6	252	13	85	168	168	121a	
6	252	13	86	1	19	121a	
6	253	13	86	20	35	121b	
6	253	13	87	1	5	121b	
6	254	13	87	6	19	122a	
6	254	13	88	1	5	122a	
6	255	13	88	6	15	122b	
6	255	13	89	1	10	122b	
6	256	13	89	11	15	123a	
6	256	13	90	1	13	123a	
6	257	13	90	14	35	123b	
6	258	13	90	36	53	124a	
6	259	13	90	54	54	124b	
6	259	13	91	1	18	124b	
6	260	13	91	19	39	125a	
6	261	13	91	40	45	125b	
6	261	13	92	1	14	125b	
6	262	13	92	15	23	126a	
6	262	13	93	1	7	126a	
6	263	13	93	8	29	126b	
6	264	13	93	30	48	127a	
6	265	13	93	49	68	127b	
6	266	13	93	69	85	128a	
6	267	13	93	86	89	128b	
6	268	13	93	90	93	129a	
6	269	13	93	94	100	129b	
6	270	13	93	101	120	130a	
6	271	13	93	121	139	130b	
6	272	13	93	140	149	131a	
6	272	13	94	1	9	131a	
6	273	13	94	10	27	131b	
6	274	13	94	28	45	132a	
6	275	13	94	46	54	132b	
6	275	13	95	1	11	132b	
6	276	13	95	12	28	133a	
6	276	13	96	1	4	133a	
6	277	13	96	5	22	133b	
6	277	13	97	1	1	133b	
6	278	13	97	2	24	134a	
6	279	13	97	25	25	134b	
6	279	13	98	1	21	134b	
6	280	13	98	22	43	135a	
6	281	13	98	44	65	135b	
6	282	13	98	66	66	136a	
6	282	13	99	1	21	136a	
6	283	13	99	22	29	136b	
6	283	13	100	1	14	136b	
6	284	13	100	15	40	137a	
6	285	13	100	41	41	137b	
6	285	13	101	1	15	137b	
6	286	13	101	16	29	138a	
6	286	13	102	1	5	138a	
6	287	13	102	6	22	138b	
6	288	13	102	23	38	139a	
6	289	13	102	39	56	139b	
6	290	13	102	57	63	140a	
6	290	13	103	1	11	140a	
6	291	13	103	12	31	140b	
6	292	13	103	32	45	141a	
6	292	13	104	1	3	141a	
6	293	13	104	4	27	141b	
6	294	13	104	28	49	142a	
6	295	13	104	50	72	142b	
6	296	13	104	73	94	143a	
6	297	13	104	95	113	143b	
6	298	13	104	114	130	144a	
6	299	13	104	131	153	144b	
6	300	13	104	154	157	145a	
6	300	13	105	1	16	145a	
6	301	13	105	17	20	145b	
6	301	13	106	1	17	145b	
6	302	13	106	18	41	146a	
6	303	13	106	42	65	146b	
6	304	13	106	66	72	147a	
6	304	13	107	1	14	147a	
6	305	13	107	15	38	147b	
6	306	13	107	39	63	148a	
6	307	13	107	64	89	148b	
6	308	13	107	90	115	149a	
6	309	13	107	116	141	149b	
6	310	13	107	142	144	150a	
6	310	13	108	1	19	150a	
6	311	13	108	20	21	150b	
6	311	13	109	1	17	150b	
6	311	13	110	1	1	150b	
6	312	13	110	2	10	151a	
6	312	13	111	1	8	151a	
6	313	13	111	9	27	151b	
6	314	13	111	28	44	152a	
6	315	13	111	45	66	152b	
6	316	13	111	67	91	153a	
6	317	13	111	92	115	153b	
6	318	13	111	116	133	154a	
6	318	13	112	1	3	154a	
6	319	13	112	4	28	154b	
6	320	13	112	29	31	155a	
6	320	13	113	1	11	155a	
6	320	13	114	1	2	155a	
6	321	13	114	3	19	155b	
6	321	13	115	1	2	155b	
6	322	13	115	3	26	156a	
6	323	13	115	27	50	156b	
6	324	13	115	51	73	157a	
6	325	13	115	74	85	157b	
6	325	13	116	1	10	157b	
6	326	13	116	11	27	158a	
6	327	13	116	28	42	158b	
6	327	13	117	1	7	158b	
6	328	13	117	8	28	159a	
6	329	13	117	29	29	159b	
6	329	13	118	1	17	159b	
6	330	13	118	18	24	160a	
6	330	13	119	1	13	160a	
6	331	13	119	14	15	160b	
6	331	13	120	1	12	160b	
6	332	13	120	13	27	161a	
6	332	13	121	1	3	161a	
6	333	13	121	4	17	161b	
6	333	13	122	1	1	161b	
6	334	13	122	2	20	162a	
6	334	13	123	1	2	162a	
6	335	13	123	3	22	162b	
6	335	13	124	1	2	162b	
6	336	13	124	3	27	163a	
6	337	13	124	28	39	163b	
6	337	13	125	1	8	163b	
6	338	13	125	9	30	164a	
6	339	13	125	31	53	164b	
6	340	13	125	54	78	165a	
6	341	13	125	79	84	165b	
6	341	13	126	1	16	165b	
6	342	13	126	17	39	166a	
6	343	13	126	40	50	166b	
6	343	13	127	1	8	166b	
6	344	13	127	9	19	167a	
6	344	13	128	1	8	167a	
6	345	13	128	9	11	167b	
6	345	13	129	1	15	167b	
6	345	13	130	1	1	167b	
6	346	13	130	2	25	168a	
6	347	13	130	26	40	168b	
6	347	13	131	1	7	168b	
6	348	13	131	8	12	169a	
6	348	13	132	1	16	169a	
6	349	13	132	17	17	169b	
6	349	13	133	1	9	169b	
6	349	13	134	1	11	169b	
6	350	13	134	12	17	170a	
6	350	13	135	1	15	170a	
6	351	13	135	16	21	170b	
6	351	13	136	1	15	170b	
6	352	13	136	16	25	171a	
6	352	13	137	1	8	171a	
6	353	13	137	9	29	171b	
6	354	13	137	30	32	172a	
6	354	13	138	1	11	172a	
6	354	13	139	1	6	172a	
6	355	13	139	7	31	172b	
6	356	13	139	32	50	173a	
6	356	13	140	1	3	173a	
6	357	13	140	4	29	173b	
6	358	13	140	30	51	174a	
6	359	13	141	1	16	174b	
6	360	13	141	17	39	175a	
6	361	13	141	40	63	175b	
6	362	13	141	64	87	176a	
6	363	13	141	88	106	176b	
6	364	13	141	107	115	177a	
6	364	13	142	1	12	177a	
6	365	13	142	13	34	177b	
6	366	13	142	35	56	178a	
6	367	13	142	57	59	178b	
6	367	13	143	1	19	178b	
6	368	13	143	20	43	179a	
6	369	13	143	44	59	179b	
6	369	13	144	1	5	179b	
6	370	13	144	6	28	180a	
6	371	13	144	29	53	180b	
6	372	13	144	54	60	181a	
6	372	13	145	1	15	181a	
6	373	13	145	16	39	181b	
6	374	13	145	40	63	182a	
6	375	13	145	64	64	182b	
6	375	13	146	1	20	182b	
6	376	13	146	21	42	183a	
6	377	13	146	43	61	183b	
6	377	13	147	1	1	183b	
6	378	13	147	2	27	184a	
6	379	13	147	28	50	184b	
6	380	13	147	51	62	185a	
6	380	13	148	1	8	185a	
6	381	13	148	9	33	185b	
6	382	13	148	34	57	186a	
6	383	13	148	58	66	186b	
6	383	13	149	1	13	186b	
6	384	13	149	14	37	187a	
6	385	13	149	38	60	187b	
6	386	13	149	61	85	188a	
6	387	13	149	86	110	188b	
6	388	13	149	111	135	189a	
6	389	13	149	136	142	189b	
6	389	13	151	1	12	189b	
6	390	13	151	13	36	190a	
6	391	13	151	37	61	190b	
6	392	13	151	62	82	191a	
6	393	13	152	1	22	191b	
6	394	13	152	23	23	192a	
6	394	13	153	1	19	192a	
6	395	13	153	20	28	192b	
6	395	13	154	1	10	192b	
6	396	13	154	11	19	193a	
6	396	13	155	1	4	193a	
6	397	13	155	5	26	193b	
6	398	13	155	27	32	194a	
6	398	13	156	1	15	194a	
6	399	13	156	16	26	194b	
6	399	13	157	1	12	194b	
6	400	13	157	13	34	195a	
6	401	13	157	35	35	195b	
6	401	13	158	1	19	195b	
6	402	13	158	20	27	196a	
6	402	13	159	1	10	196a	
6	403	13	159	11	25	196b	
6	404	13	159	26	41	197a	
6	405	13	159	42	46	197b	
6	405	13	160	1	15	197b	
6	406	13	160	16	40	198a	
6	407	13	160	41	56	198b	
6	407	13	161	1	3	198b	
6	408	13	161	4	29	199a	
6	409	13	161	30	44	199b	
6	409	13	162	1	3	199b	
6	410	13	162	4	28	200a	
6	411	13	162	29	29	200b	
6	411	13	163	1	11	200b	
6	412	13	163	12	29	201a	
6	413	13	163	30	50	201b	
6	414	13	163	51	63	202a	
6	414	13	164	1	8	202a	
6	415	13	164	9	14	202b	
6	415	13	165	1	10	202b	
6	416	13	165	11	15	203a	
6	416	13	166	1	10	203a	
6	417	13	166	11	35	203b	
6	418	13	166	36	60	204a	
6	419	13	166	61	62	204b	
6	419	13	167	1	17	204b	
6	419	13	168	1	1	204b	
6	420	13	168	2	25	205a	
6	421	13	168	26	48	205b	
6	422	13	168	49	52	206a	
6	422	13	169	1	18	206a	
6	423	13	169	19	36	206b	
6	424	13	169	37	37	207a	
6	431	---	---	---	---	---	
6	432	14	1	1	14	1a	
6	433	14	1	15	20	1b	
6	433	14	2	1	17	1b	
6	434	14	2	18	20	2a	
6	434	14	3	1	20	2a	
6	435	14	3	21	23	2b	
6	435	14	4	1	19	2b	
6	436	14	4	20	28	3a	
6	436	14	5	1	14	3a	
6	437	14	5	15	28	3b	
6	437	14	6	1	8	3b	
6	438	14	6	9	29	4a	
6	439	14	6	30	33	4b	
6	439	14	7	1	18	4b	
6	440	14	7	19	27	5a	
6	440	14	8	1	14	5a	
6	441	14	8	15	38	5b	
6	442	14	9	1	17	6a	
6	443	14	9	18	30	6b	
6	444	14	9	31	37	7a	
6	444	14	10	1	10	7a	
6	445	14	10	11	28	7b	
6	446	14	10	29	37	8a	
6	446	14	11	1	6	8a	
6	447	14	11	7	19	8b	
6	448	14	11	20	20	9a	
6	448	14	12	1	13	9a	
6	449	14	12	14	16	9b	
6	449	14	13	1	8	9b	
6	450	14	13	9	18	10a	
6	451	14	13	19	22	10b	
6	451	14	14	1	16	10b	
6	452	14	14	17	17	11a	
6	452	14	15	1	21	11a	
6	453	14	15	22	35	11b	
6	453	14	16	1	8	11b	
6	454	14	16	9	29	12a	
6	455	14	16	30	46	12b	
6	456	14	17	1	18	13a	
6	457	14	17	19	41	13b	
6	458	14	17	42	42	14a	
6	458	14	18	1	12	14a	
6	459	14	18	13	27	14b	
6	460	14	18	28	35	15a	
6	460	14	19	1	6	15a	
6	461	14	19	7	22	15b	
6	462	14	19	23	36	16a	
6	463	14	19	37	48	16b	
6	464	14	19	49	66	17a	
6	465	14	20	1	15	17b	
6	466	14	20	16	27	18a	
6	467	14	20	28	28	18b	
6	467	14	21	1	7	18b	
6	468	14	21	8	16	19a	
6	469	14	21	17	25	19b	
6	470	14	21	26	26	20a	
6	470	14	22	1	13	20a	
6	471	14	22	14	29	20b	
6	472	14	23	1	13	21a	
6	473	14	23	14	24	21b	
6	473	14	24	1	4	21b	
6	474	14	24	5	11	22a	
6	475	14	24	12	17	22b	
6	475	14	25	1	3	22b	
6	476	14	25	4	7	23a	
6	477	14	25	8	17	23b	
6	478	14	26	1	15	24a	
6	479	14	26	16	18	24b	
6	479	14	27	1	7	24b	
6	480	14	27	8	17	25a	
6	481	14	27	18	24	25b	
6	481	14	28	1	2	25b	
6	482	14	28	3	15	26a	
6	483	14	28	16	28	26b	
6	483	14	29	1	3	26b	
6	484	14	29	4	22	27a	
6	484	14	30	1	2	27a	
6	485	14	30	3	22	27b	
6	486	14	30	23	33	28a	
6	486	14	31	1	5	28a	
6	487	14	31	6	13	28b	
6	487	14	32	1	9	28b	
6	488	14	32	10	25	29a	
6	489	14	32	26	26	29b	
6	489	14	33	1	8	29b	
6	489	14	34	1	3	29b	
6	490	14	34	4	11	30a	
6	491	14	34	12	12	30b	
6	491	14	35	1	13	30b	
6	492	14	35	14	26	31a	
6	493	14	35	27	42	31b	
6	494	14	35	43	50	32a	
6	494	14	36	1	2	32a	
6	495	14	36	3	15	32b	
6	496	14	36	16	33	33a	
6	497	14	36	34	36	33b	
6	497	14	37	1	14	33b	
6	498	14	37	15	18	34a	
6	498	14	38	1	14	34a	
6	499	14	38	15	15	34b	
6	499	14	39	1	14	34b	
6	500	14	39	15	25	35a	
6	500	14	40	1	5	35a	
6	501	14	40	6	13	35b	
6	501	14	41	1	5	35b	
6	502	14	42	1	10	36a	
6	503	14	42	11	32	36b	
6	504	14	42	33	50	37a	
6	505	14	42	51	63	37b	
6	506	14	42	64	67	38a	
6	506	14	43	1	15	38a	
6	507	14	43	16	32	38b	
6	508	14	43	33	43	39a	
6	509	14	44	1	21	39b	
6	510	14	44	22	22	40a	
6	510	14	45	1	10	40a	
6	511	14	45	11	25	40b	
6	511	14	46	1	5	40b	
6	512	14	46	6	30	41a	
6	513	14	46	31	56	41b	
6	514	14	46	57	58	42a	
6	514	14	47	1	16	42a	
6	515	14	47	17	17	42b	
6	515	14	48	1	5	42b	
6	516	14	48	6	13	43a	
6	516	14	49	1	1	43a	
6	517	14	49	2	16	43b	
6	518	14	49	17	17	44a	
6	518	14	50	1	12	44a	
6	519	14	50	13	27	44b	
6	520	14	50	28	42	45a	
6	521	14	50	43	56	45b	
6	521	14	51	1	3	45b	
6	522	14	51	4	16	46a	
6	523	14	51	17	34	46b	
6	524	14	51	35	52	47a	
6	525	14	52	1	24	47b	
6	526	14	52	25	50	48a	
6	527	14	52	51	58	48b	
6	527	14	53	1	10	48b	
6	528	14	53	11	26	49a	
6	528	14	54	1	5	49a	
6	529	14	54	6	23	49b	
6	529	14	55	1	5	49b	
6	530	14	55	6	26	50a	
6	531	14	55	27	37	50b	
6	531	14	56	1	11	50b	
6	532	14	56	12	33	51a	
6	533	14	56	34	35	51b	
6	533	14	57	1	19	51b	
6	534	14	57	20	28	52a	
6	534	14	58	1	11	52a	
6	535	14	58	12	34	52b	
6	536	14	58	35	59	53a	
6	537	14	58	60	60	53b	
6	537	14	59	1	19	53b	
6	538	14	59	20	21	54a	
6	538	14	60	1	20	54a	
6	539	14	60	21	36	54b	
6	539	14	61	1	8	54b	
6	540	14	61	9	34	55a	
6	541	14	61	35	42	55b	
6	541	14	62	1	16	55b	
6	542	14	62	17	21	56a	
6	542	14	63	1	17	56a	
6	543	14	63	18	24	56b	
6	543	14	64	1	11	56b	
6	544	14	64	12	16	57a	
6	544	14	65	1	16	57a	
6	545	14	65	17	23	57b	
6	545	14	66	1	14	57b	
6	546	14	66	15	29	58a	
6	546	14	67	1	8	58a	
6	547	14	67	9	19	58b	
6	547	14	68	1	12	58b	
6	548	14	68	13	24	59a	
6	548	14	69	1	12	59a	
6	549	14	69	13	24	59b	
6	549	14	70	1	9	59b	
6	550	14	70	10	21	60a	
6	550	14	71	1	10	60a	
6	551	14	71	11	26	60b	
6	551	14	72	1	3	60b	
6	552	14	72	4	25	61a	
6	553	14	72	26	26	61b	
6	553	14	73	1	22	61b	
6	554	14	73	23	28	62a	
6	554	14	74	1	17	62a	
6	555	14	74	18	34	62b	
6	555	14	75	1	7	62b	
6	556	14	75	8	20	63a	
6	556	14	76	1	11	63a	
6	557	14	76	12	26	63b	
6	557	14	77	1	9	63b	
6	558	14	77	10	31	64a	
6	559	14	77	32	32	64b	
6	559	14	78	1	21	64b	
6	560	14	78	22	47	65a	
6	561	14	78	48	49	65b	
6	561	14	79	1	22	65b	
6	562	14	79	23	39	66a	
6	562	14	80	1	6	66a	
6	563	14	80	7	32	66b	
6	564	14	80	33	57	67a	
6	565	14	80	58	61	67b	
6	565	14	81	1	19	67b	
6	566	14	81	20	32	68a	
6	566	14	82	1	10	68a	
6	567	14	82	11	30	68b	
6	567	14	83	1	3	68b	
6	568	14	83	4	20	69a	
6	568	14	84	1	7	69a	
6	569	14	84	8	24	69b	
6	569	14	85	1	7	69b	
6	570	14	85	8	32	70a	
6	571	14	85	33	42	70b	
6	571	14	86	1	13	70b	
6	572	14	86	14	21	71a	
6	572	14	87	1	12	71a	
6	573	14	87	13	28	71b	
6	573	14	88	1	7	71b	
6	574	14	88	8	30	72a	
6	575	14	88	31	40	72b	
6	575	14	89	1	10	72b	
6	576	14	89	11	34	73a	
6	577	14	89	35	44	73b	
6	577	14	90	1	11	73b	
6	578	14	90	12	35	74a	
6	579	14	90	36	60	74b	
6	580	14	90	61	83	75a	
6	581	14	90	84	108	75b	
6	582	14	90	109	120	76a	
6	582	14	91	1	11	76a	
6	583	14	91	12	36	76b	
6	584	14	91	37	37	77a	
6	584	14	92	1	19	77a	
6	585	14	92	20	42	77b	
6	586	14	92	43	53	78a	
6	591	---	---	---	---	---	
6	592	15	1	1	19	1a	
6	593	15	1	20	27	1b	
6	593	15	2	1	14	1b	
6	594	15	2	15	30	2a	
6	594	15	3	1	7	2a	
6	595	15	3	8	31	2b	
6	596	15	3	32	56	3a	
6	597	15	3	57	80	3b	
6	598	15	3	81	87	4a	
6	598	15	4	1	16	4a	
6	599	15	4	17	22	4b	
6	599	15	5	1	15	4b	
6	600	15	5	16	38	5a	
6	601	15	5	39	43	5b	
6	601	15	6	1	13	5b	
6	602	15	6	14	20	6a	
6	602	15	7	1	12	6a	
6	603	15	7	13	23	6b	
6	603	15	8	1	11	6b	
6	604	15	8	12	24	7a	
6	604	15	9	1	10	7a	
6	605	15	9	11	18	7b	
6	605	15	10	1	14	7b	
6	606	15	10	15	40	8a	
6	607	15	10	41	53	8b	
6	607	15	11	1	9	8b	
6	608	15	11	10	25	9a	
6	608	15	12	1	6	9a	
6	609	15	12	7	13	9b	
6	609	15	13	1	15	9b	
6	610	15	14	1	18	10a	
6	610	15	15	1	4	10a	
6	611	15	15	5	13	10b	
6	611	15	16	1	10	10b	
6	612	15	16	11	32	11a	
6	613	15	17	1	21	11b	
6	613	15	18	1	2	11b	
6	614	15	18	3	25	12a	
6	615	15	19	1	18	12b	
6	615	15	20	1	4	12b	
6	616	15	20	5	29	13a	
6	617	15	20	30	38	13b	
6	617	15	21	1	14	13b	
6	618	15	21	15	16	14a	
6	618	15	22	1	21	14a	
6	619	15	22	22	26	14b	
6	619	15	23	1	18	14b	
6	620	15	24	1	20	15a	
6	620	15	25	1	3	15a	
6	621	15	25	4	19	15b	
6	622	15	26	1	24	16a	
6	623	15	26	25	38	16b	
6	623	15	27	1	5	16b	
6	624	15	27	6	26	17a	
6	624	15	28	1	2	17a	
6	625	15	28	3	25	17b	
6	626	15	29	1	24	18a	
6	627	15	29	25	48	18b	
6	628	15	29	49	52	19a	
6	628	15	30	1	19	19a	
6	629	15	30	20	24	19b	
6	629	15	31	1	18	19b	
6	630	15	31	19	25	20a	
6	630	15	32	1	7	20a	
6	631	15	32	8	21	20b	
6	631	15	33	1	9	20b	
6	632	15	33	10	31	21a	
6	633	15	34	1	9	21b	
6	634	15	34	10	18	22a	
6	634	15	35	1	1	22a	
6	635	15	35	2	18	22b	
6	635	15	36	1	5	22b	
6	636	15	36	6	29	23a	
6	637	15	36	30	52	23b	
6	638	15	36	53	53	24a	
6	638	15	37	1	20	24a	
6	639	15	37	21	44	24b	
6	640	15	37	45	45	25a	
6	640	15	38	1	21	25a	
6	640	15	39	1	1	25a	
6	641	15	39	2	25	25b	
6	642	15	39	26	27	26a	
6	647	---	---	---	---	---	
6	648	16	1	1	18	1a	
6	649	16	1	19	31	1b	
6	649	16	2	1	7	1b	
6	650	16	2	8	24	2a	
6	650	16	3	1	6	2a	
6	651	16	3	7	30	2b	
6	652	16	3	31	47	3a	
6	652	16	4	1	4	3a	
6	653	16	4	5	23	3b	
6	654	16	4	24	28	4a	
6	654	16	5	1	15	4a	
6	655	16	6	1	23	4b	
6	656	16	6	24	28	5a	
6	656	16	7	1	17	5a	
6	657	16	7	18	42	5b	
6	658	16	7	43	67	6a	
6	659	16	7	68	76	6b	
6	659	16	8	1	11	6b	
6	660	16	8	12	33	7a	
6	661	16	8	34	38	7b	
6	667	---	---	---	---	---	
6	668	17	1	1	19	1a	
6	669	17	1	20	43	1b	
6	670	17	1	44	46	2a	
6	670	17	2	1	17	2a	
6	671	17	2	18	26	2b	
6	671	17	3	1	9	2b	
6	672	17	3	10	28	3a	
6	673	17	3	29	38	3b	
6	679	---	---	---	---	---	
6	680	18	1	1	20	1a	
6	681	18	1	21	26	1b	
6	681	18	2	1	16	1b	
6	682	18	2	17	40	2a	
6	683	18	2	41	54	2b	
6	683	18	3	1	9	2b	
6	684	18	3	10	33	3a	
6	685	18	3	34	44	3b	
6	685	18	4	1	10	3b	
6	686	18	4	11	23	4a	
6	686	18	5	1	7	4a	
6	687	18	5	8	27	4b	
6	688	18	5	28	48	5a	
6	689	18	5	49	65	5b	
6	690	18	5	66	68	6a	
6	690	18	6	1	16	6a	
6	691	18	6	17	42	6b	
6	692	18	6	43	67	7a	
6	693	18	6	68	93	7b	
6	694	18	6	94	105	8a	parvan ends
